#        sat time              app1 time                app2 time

2   0.000136     0.000027     0.000014    0.000003   0.000012    0.000001
4   0.000163     0.000038     0.000016    0.000003   0.000013    0.000002
6   0.000485     0.000644     0.000018    0.000003   0.000014    0.000002
8   0.000915     0.000786     0.000023    0.000007   0.000017    0.000003
10  0.023852     0.022952     0.000033    0.000005   0.000019    0.000002
12  0.524614     0.599365     0.000040    0.000004   0.000021    0.000002
14  5.904613     6.283163     0.000049    0.000005   0.000022    0.000004
16  28.588711    16.047291    0.000058    0.000005   0.000024    0.000003
18  456.883881   324.088287   0.000079    0.000009   0.000028    0.000003
